
%   Energy(MeV)  mu/rho(cm^2/g)  mu_{en}/rho (cm^2/g)     
massAttenCoeffIon=...
   [1.00000E-03  9.085E+03       9.052E+03 
    1.50000E-03  3.399E+03       3.388E+03 
    2.00000E-03  1.626E+03       1.620E+03 
    3.00000E-03  5.576E+02       5.535E+02 
    4.00000E-03  2.567E+02       2.536E+02 
    5.00000E-03  1.398E+02       1.372E+02 
    6.00000E-03  8.484E+01       8.265E+01 
    7.11200E-03  5.319E+01       5.133E+01 
    7.11200E-03  4.076E+02       2.978E+02 
    8.00000E-03  3.056E+02       2.316E+02 
    1.00000E-02  1.706E+02       1.369E+02 
    1.50000E-02  5.708E+01       4.896E+01 
    2.00000E-02  2.568E+01       2.260E+01 
    3.00000E-02  8.176E+00       7.251E+00 
    4.00000E-02  3.629E+00       3.155E+00 
    5.00000E-02  1.958E+00       1.638E+00 
    6.00000E-02  1.205E+00       9.555E-01 
    8.00000E-02  5.952E-01       4.104E-01 
    1.00000E-01  3.717E-01       2.177E-01 
    1.50000E-01  1.964E-01       7.961E-02 
    2.00000E-01  1.460E-01       4.825E-02 
    3.00000E-01  1.099E-01       3.361E-02 
    4.00000E-01  9.400E-02       3.039E-02 
    5.00000E-01  8.414E-02       2.914E-02 
    6.00000E-01  7.704E-02       2.836E-02 
    8.00000E-01  6.699E-02       2.714E-02 
    1.00000E+00  5.995E-02       2.603E-02 
    1.25000E+00  5.350E-02       2.472E-02 
    1.50000E+00  4.883E-02       2.360E-02 
    2.00000E+00  4.265E-02       2.199E-02 
    3.00000E+00  3.621E-02       2.042E-02 
    4.00000E+00  3.312E-02       1.990E-02 
    5.00000E+00  3.146E-02       1.983E-02 
    6.00000E+00  3.057E-02       1.997E-02 
    8.00000E+00  2.991E-02       2.050E-02 
    1.00000E+01  2.994E-02       2.108E-02 
    1.50000E+01  3.092E-02       2.221E-02 
    2.00000E+01  3.224E-02       2.292E-02 ];
iron=massAttenCoeffIon;
densityIron=7.87400E+00;

densityA150=1.12700E+00;
A150=[
1.00000E-03  2.259E+03  2.256E+03 
1.50000E-03  7.282E+02  7.267E+02 
2.00000E-03  3.183E+02  3.172E+02 
3.00000E-03  9.652E+01  9.576E+01 
4.00000E-03  4.081E+01  4.021E+01 
4.03810E-03  3.966E+01  3.907E+01 
4.03810E-03  5.629E+01  5.326E+01 
5.00000E-03  3.069E+01  2.901E+01 
6.00000E-03  1.813E+01  1.708E+01 
8.00000E-03  7.914E+00  7.337E+00 
1.00000E-02  4.186E+00  3.771E+00 
1.50000E-02  1.394E+00  1.106E+00 
2.00000E-02  7.068E-01  4.605E-01 
3.00000E-02  3.481E-01  1.378E-01 
4.00000E-02  2.562E-01  6.411E-02 
5.00000E-02  2.198E-01  4.018E-02 
6.00000E-02  2.008E-01  3.095E-02 
8.00000E-02  1.803E-01  2.561E-02 
1.00000E-01  1.680E-01  2.520E-02 
1.50000E-01  1.485E-01  2.736E-02 
2.00000E-01  1.353E-01  2.937E-02 
3.00000E-01  1.173E-01  3.159E-02 
4.00000E-01  1.049E-01  3.245E-02 
5.00000E-01  9.579E-02  3.265E-02 
6.00000E-01  8.857E-02  3.249E-02 
8.00000E-01  7.777E-02  3.172E-02 
1.00000E+00  6.992E-02  3.070E-02 
1.25000E+00  6.253E-02  2.934E-02 
1.50000E+00  5.691E-02  2.805E-02 
2.00000E+00  4.880E-02  2.578E-02 
3.00000E+00  3.907E-02  2.247E-02 
4.00000E+00  3.335E-02  2.025E-02 
5.00000E+00  2.958E-02  1.867E-02 
6.00000E+00  2.690E-02  1.751E-02 
8.00000E+00  2.338E-02  1.592E-02 
1.00000E+01  2.117E-02  1.489E-02 
1.50000E+01  1.819E-02  1.346E-02 
2.00000E+01  1.675E-02  1.275E-02 ];
